# x y u(x,y)
0 0 9.32425e+07
0 0.02 5.42407e+08
0 0.04 1.14766e+09
0 0.06 1.62693e+09
0 0.08 1.64084e+09
0 0.1 9.56924e+08
0 0.12 -4.04859e+08
0 0.14 -2.20572e+09
0 0.16 -3.93651e+09
0 0.18 -5.01616e+09
0 0.2 -4.86513e+09
0 0.22 -3.21312e+09
0 0.24 -7.83441e+07
0 0.26 4.13301e+09
0 0.28 8.45688e+09
0 0.3 1.15151e+10
0 0.32 1.19981e+10
0 0.34 8.80772e+09
0 0.36 1.99887e+09
0 0.38 -7.2805e+09
0 0.4 -1.69543e+10
0 0.42 -2.41858e+10
0 0.44 -2.64226e+10
0 0.46 -2.15701e+10
0 0.48 -9.12791e+09
0 0.5 2.21272e+10
0 0.52 4.44542e+10
0 0.54 6.01048e+10
0 0.56 6.17522e+10
0 0.58 4.54117e+10
0 0.6 1.0668e+10
0 0.62 -3.76791e+10
0 0.64 -8.68354e+10
0 0.66 -1.24278e+11
0 0.68 -1.3556e+11
0 0.7 -1.11262e+11
0 0.72 -4.73397e+10
0 0.74 5.06312e+10
0 0.76 1.62206e+11
0 0.78 2.575e+11
0 0.8 3.04458e+11
0 0.82 2.71593e+11
0 0.84 1.44018e+11
0 0.86 -1.4019e+11
0 0.88 -4.93256e+11
0 0.9 -5.30164e+11
0 0.92 -6.50108e+11
0 0.94 -4.54038e+13
0 0.96 0
0 0.98 0
0 1 0
0.04 0 1.871e+08
0.04 0.02 6.62594e+08
0.04 0.04 1.20742e+09
0.04 0.06 1.4955e+09
0.04 0.08 1.25011e+09
0.04 0.1 3.22609e+08
0.04 0.12 -1.17128e+09
0.04 0.14 -2.87229e+09
0.04 0.16 -4.26667e+09
0.04 0.18 -4.7831e+09
0.04 0.2 -3.92796e+09
0.04 0.22 -1.66629e+09
0.04 0.24 1.81547e+09
0.04 0.26 5.97799e+09
0.04 0.28 9.56704e+09
0.04 0.3 1.13697e+10
0.04 0.32 1.01402e+10
0.04 0.34 5.49774e+09
0.04 0.36 -2.21847e+09
0.04 0.38 -1.14483e+10
0.04 0.4 -1.97684e+10
0.04 0.42 -2.45904e+10
0.04 0.44 -2.34572e+10
0.04 0.46 -1.518e+10
0.04 0.48 9.72999e+09
0.04 0.5 3.15077e+10
0.04 0.52 5.01884e+10
0.04 0.54 5.9108e+10
0.04 0.56 5.27806e+10
0.04 0.58 2.83268e+10
0.04 0.6 -1.1495e+10
0.04 0.62 -5.85356e+10
0.04 0.64 -1.01609e+11
0.04 0.66 -1.26328e+11
0.04 0.68 -1.20926e+11
0.04 0.7 -7.84267e+10
0.04 0.72 -1.80755e+09
0.04 0.74 9.967e+10
0.04 0.76 2.00931e+11
0.04 0.78 2.70645e+11
0.04 0.8 2.80624e+11
0.04 0.82 2.07227e+11
0.04 0.84 4.72714e+10
0.04 0.86 -2.29671e+11
0.04 0.88 -4.77437e+11
0.04 0.9 -5.54763e+11
0.04 0.92 -6.19512e+11
0.04 0.94 -3.68116e+13
0.04 0.96 0
0.04 0.98 0
0.04 1 66.5854
0.08 0 2.64558e+08
0.08 0.02 7.51312e+08
0.08 0.04 1.19291e+09
0.08 0.06 1.2739e+09
0.08 0.08 7.75929e+08
0.08 0.1 -3.30943e+08
0.08 0.12 -1.84778e+09
0.08 0.14 -3.37096e+09
0.08 0.16 -4.32888e+09
0.08 0.18 -4.24207e+09
0.08 0.2 -2.77708e+09
0.08 0.22 -1.64934e+07
0.08 0.24 3.65806e+09
0.08 0.26 7.38533e+09
0.08 0.28 1.00532e+10
0.08 0.3 1.05038e+10
0.08 0.32 7.80555e+09
0.08 0.34 1.8596e+09
0.08 0.36 -6.26785e+09
0.08 0.38 -1.49405e+10
0.08 0.4 -2.14109e+10
0.08 0.42 -2.33012e+10
0.08 0.44 -1.8976e+10
0.08 0.46 -7.85969e+09
0.08 0.48 1.91234e+10
0.08 0.5 3.91525e+10
0.08 0.52 5.27793e+10
0.08 0.54 5.43418e+10
0.08 0.56 4.00731e+10
0.08 0.58 9.48632e+09
0.08 0.6 -3.24042e+10
0.08 0.62 -7.68256e+10
0.08 0.64 -1.09993e+11
0.08 0.66 -1.1976e+11
0.08 0.68 -9.73845e+10
0.08 0.7 -4.11421e+10
0.08 0.72 4.37072e+10
0.08 0.74 1.42862e+11
0.08 0.76 2.26966e+11
0.08 0.78 2.6615e+11
0.08 0.8 2.39603e+11
0.08 0.82 1.29341e+11
0.08 0.84 -5.40024e+10
0.08 0.86 -3.06064e+11
0.08 0.88 -4.82987e+11
0.08 0.9 -5.31937e+11
0.08 0.92 -5.4999e+11
0.08 0.94 -2.59064e+13
0.08 0.96 0
0.08 0.98 0
0.08 1 128.987
0.12 0 3.26018e+08
0.12 0.02 7.89854e+08
0.12 0.04 1.10095e+09
0.12 0.06 9.76088e+08
0.12 0.08 2.68907e+08
0.12 0.1 -9.65697e+08
0.12 0.12 -2.43386e+09
0.12 0.14 -3.64907e+09
0.12 0.16 -4.11658e+09
0.12 0.18 -3.41869e+09
0.12 0.2 -1.42395e+09
0.12 0.22 1.66345e+09
0.12 0.24 5.25238e+09
0.12 0.26 8.3081e+09
0.12 0.28 9.91002e+09
0.12 0.3 8.9464e+09
0.12 0.32 4.87308e+09
0.12 0.34 -1.87657e+09
0.12 0.36 -1.0017e+10
0.12 0.38 -1.74841e+10
0.12 0.4 -2.17031e+10
0.12 0.42 -2.06807e+10
0.12 0.44 -1.32094e+10
0.12 0.46 8.76145e+09
0.12 0.48 2.74975e+10
0.12 0.5 4.40046e+10
0.12 0.52 5.21676e+10
0.12 0.54 4.67304e+10
0.12 0.56 2.53347e+10
0.12 0.58 -9.95101e+09
0.12 0.6 -5.22199e+10
0.12 0.62 -9.02753e+10
0.12 0.64 -1.11536e+11
0.12 0.66 -1.07347e+11
0.12 0.68 -6.88625e+10
0.12 0.7 -8.90877e+08
0.12 0.72 8.76118e+10
0.12 0.74 1.76516e+11
0.12 0.76 2.38165e+11
0.12 0.78 2.4672e+11
0.12 0.8 1.83693e+11
0.12 0.82 4.3773e+10
0.12 0.84 -1.48549e+11
0.12 0.86 -3.65423e+11
0.12 0.88 -4.55577e+11
0.12 0.9 -4.69199e+11
0.12 0.92 -4.4591e+11
0.12 0.94 -1.33733e+13
0.12 0.96 0
0.12 0.98 0
0.12 1 183.284
0.16 0 3.70824e+08
0.16 0.02 7.7993e+08
0.16 0.04 9.35816e+08
0.16 0.06 6.21062e+08
0.16 0.08 -2.56982e+08
0.16 0.1 -1.53095e+09
0.16 0.12 -2.83981e+09
0.16 0.14 -3.7032e+09
0.16 0.16 -3.65426e+09
0.16 0.18 -2.39104e+09
0.16 0.2 2.4082e+07
0.16 0.22 3.19977e+09
0.16 0.24 6.47465e+09
0.16 0.26 8.77713e+09
0.16 0.28 9.14419e+09
0.16 0.3 6.86825e+09
0.16 0.32 1.68151e+09
0.16 0.34 -5.51942e+09
0.16 0.36 -1.3153e+10
0.16 0.38 -1.88977e+10
0.16 0.4 -2.06145e+10
0.16 0.42 -1.66411e+10
0.16 0.44 -6.8247e+09
0.16 0.46 1.70622e+10
0.16 0.48 3.43343e+10
0.16 0.5 4.6344e+10
0.16 0.52 4.79953e+10
0.16 0.54 3.56592e+10
0.16 0.56 8.57793e+09
0.16 0.58 -2.87071e+10
0.16 0.6 -6.8077e+10
0.16 0.62 -9.75152e+10
0.16 0.64 -1.05734e+11
0.16 0.66 -8.63188e+10
0.16 0.68 -3.55443e+10
0.16 0.7 3.96291e+10
0.16 0.72 1.25704e+11
0.16 0.74 1.99209e+11
0.16 0.76 2.34431e+11
0.16 0.78 2.11854e+11
0.16 0.8 1.15375e+11
0.16 0.82 -4.358e+10
0.16 0.84 -2.35324e+11
0.16 0.86 -4.16765e+11
0.16 0.88 -3.87411e+11
0.16 0.9 -4.3536e+11
0.16 0.92 -3.13811e+11
0.16 0.94 0
0.16 0.96 0
0.16 0.98 0
0.16 1 226.064
0.2 0 3.89727e+08
0.2 0.02 7.20734e+08
0.2 0.04 7.17396e+08
0.2 0.06 2.09219e+08
0.2 0.08 -7.72757e+08
0.2 0.1 -2.00937e+09
0.2 0.12 -3.09014e+09
0.2 0.14 -3.52228e+09
0.2 0.16 -2.95335e+09
0.2 0.18 -1.21509e+09
0.2 0.2 1.46183e+09
0.2 0.22 4.58856e+09
0.2 0.24 7.27703e+09
0.2 0.26 8.65252e+09
0.2 0.28 7.81607e+09
0.2 0.3 4.31888e+09
0.2 0.32 -1.61221e+09
0.2 0.34 -8.81142e+09
0.2 0.36 -1.54105e+10
0.2 0.38 -1.92185e+10
0.2 0.4 -1.83481e+10
0.2 0.42 -1.1742e+10
0.2 0.44 7.85992e+09
0.2 0.46 2.43831e+10
0.2 0.48 3.87039e+10
0.2 0.5 4.57144e+10
0.2 0.52 4.11735e+10
0.2 0.54 2.2319e+10
0.2 0.56 -8.52241e+09
0.2 0.58 -4.57056e+10
0.2 0.6 -7.96237e+10
0.2 0.62 -9.88359e+10
0.2 0.64 -9.37826e+10
0.2 0.66 -5.99591e+10
0.2 0.68 -4.01703e+07
0.2 0.7 7.68055e+10
0.2 0.72 1.55083e+11
0.2 0.74 2.09536e+11
0.2 0.76 2.17073e+11
0.2 0.78 1.61035e+11
0.2 0.8 4.00699e+10
0.2 0.82 -1.29525e+11
0.2 0.84 -3.10404e+11
0.2 0.86 -4.34589e+11
0.2 0.88 -2.89131e+11
0.2 0.9 -3.24415e+11
0.2 0.92 -1.61995e+11
0.2 0.94 0
0.2 0.96 0
0.2 0.98 0
0.2 1 254.641
0.24 0 3.83911e+08
0.24 0.02 6.13401e+08
0.24 0.04 4.57477e+08
0.24 0.06 -1.97701e+08
0.24 0.08 -1.23683e+09
0.24 0.1 -2.35484e+09
0.24 0.12 -3.13917e+09
0.24 0.14 -3.12284e+09
0.24 0.16 -2.06037e+09
0.24 0.18 2.16011e+07
0.24 0.2 2.80289e+09
0.24 0.22 5.63255e+09
0.24 0.24 7.64564e+09
0.24 0.26 7.98753e+09
0.24 0.28 6.01e+09
0.24 0.3 1.53116e+09
0.24 0.32 -4.81084e+09
0.24 0.34 -1.15581e+10
0.24 0.36 -1.6715e+10
0.24 0.38 -1.82693e+10
0.24 0.4 -1.47196e+10
0.24 0.42 -6.02802e+09
0.24 0.44 1.52334e+10
0.24 0.46 3.0106e+10
0.24 0.48 4.07971e+10
0.24 0.5 4.21419e+10
0.24 0.52 3.17028e+10
0.24 0.54 7.78941e+09
0.24 0.56 -2.50652e+10
0.24 0.58 -5.97674e+10
0.24 0.6 -8.61646e+10
0.24 0.62 -9.39021e+10
0.24 0.64 -7.53728e+10
0.24 0.66 -3.09796e+10
0.24 0.68 3.57372e+10
0.24 0.7 1.10283e+11
0.24 0.72 1.74532e+11
0.24 0.74 2.06578e+11
0.24 0.76 1.86071e+11
0.24 0.78 1.0096e+11
0.24 0.8 -3.72128e+10
0.24 0.82 -2.05815e+11
0.24 0.84 -3.60348e+11
0.24 0.86 -4.09321e+11
0.24 0.88 -2.00322e+11
0.24 0.9 -1.88386e+11
0.24 0.92 1.33733e+13
0.24 0.94 0
0.24 0.96 0
0.24 0.98 0
0.24 1 267.217
0.28 0 3.55615e+08
0.28 0.02 4.72035e+08
0.28 0.04 1.55623e+08
0.28 0.06 -5.97667e+08
0.28 0.08 -1.62756e+09
0.28 0.1 -2.55722e+09
0.28 0.12 -2.97874e+09
0.28 0.14 -2.52176e+09
0.28 0.16 -1.02771e+09
0.28 0.18 1.29528e+09
0.28 0.2 3.9568e+09
0.28 0.22 6.32345e+09
0.28 0.24 7.53969e+09
0.28 0.26 6.81489e+09
0.28 0.28 3.76854e+09
0.28 0.3 -1.33687e+09
0.28 0.32 -7.71533e+09
0.28 0.34 -1.35755e+10
0.28 0.36 -1.695e+10
0.28 0.38 -1.61755e+10
0.28 0.4 -1.02936e+10
0.28 0.42 7.06326e+09
0.28 0.44 2.15256e+10
0.28 0.46 3.40837e+10
0.28 0.48 4.01213e+10
0.28 0.5 3.60543e+10
0.28 0.52 1.98396e+10
0.28 0.54 -7.39324e+09
0.28 0.56 -4.01497e+10
0.28 0.58 -7.0223e+10
0.28 0.6 -8.74511e+10
0.28 0.62 -8.33032e+10
0.28 0.64 -5.35895e+10
0.28 0.66 8.87798e+08
0.28 0.68 6.89276e+10
0.28 0.7 1.35877e+11
0.28 0.72 1.83535e+11
0.28 0.74 1.91171e+11
0.28 0.76 1.43053e+11
0.28 0.78 3.54245e+10
0.28 0.8 -1.1302e+11
0.28 0.82 -2.7053e+11
0.28 0.84 -3.90324e+11
0.28 0.86 -3.85798e+11
0.28 0.88 -1.69808e+11
0.28 0.9 -8.42636e+10
0.28 0.92 2.59064e+13
0.28 0.94 0
0.28 0.96 0
0.28 0.98 0
0.28 1 263.002
0.32 0 3.03583e+08
0.32 0.02 3.00901e+08
0.32 0.04 -1.45418e+08
0.32 0.06 -9.60004e+08
0.32 0.08 -1.90307e+09
0.32 0.1 -2.60913e+09
0.32 0.12 -2.64632e+09
0.32 0.14 -1.77155e+09
0.32 0.16 2.11319e+07
0.32 0.18 2.45588e+09
0.32 0.2 4.8786e+09
0.32 0.22 6.66257e+09
0.32 0.24 6.95485e+09
0.32 0.26 5.22503e+09
0.32 0.28 1.35626e+09
0.32 0.3 -4.17442e+09
0.32 0.32 -1.01537e+10
0.32 0.34 -1.4757e+10
0.32 0.36 -1.61853e+10
0.32 0.38 -1.30823e+10
0.32 0.4 -5.24988e+09
0.32 0.42 1.35324e+10
0.32 0.44 2.66672e+10
0.32 0.46 3.57402e+10
0.32 0.48 3.70302e+10
0.32 0.5 2.7619e+10
0.32 0.52 7.06551e+09
0.32 0.54 -2.19389e+10
0.32 0.56 -5.27625e+10
0.32 0.58 -7.62255e+10
0.32 0.6 -8.32359e+10
0.32 0.62 -6.71277e+10
0.32 0.64 -2.66614e+10
0.32 0.66 3.24226e+10
0.32 0.68 9.80437e+10
0.32 0.7 1.52732e+11
0.32 0.72 1.81204e+11
0.32 0.74 1.62929e+11
0.32 0.76 8.89532e+10
0.32 0.78 -3.24871e+10
0.32 0.8 -1.81791e+11
0.32 0.82 -3.17263e+11
0.32 0.84 -3.96532e+11
0.32 0.86 -3.09555e+11
0.32 0.88 -5.39556e+10
0.32 0.9 2.10587e+11
0.32 0.92 3.68116e+13
0.32 0.94 0
0.32 0.96 0
0.32 0.98 0
0.32 1 242.263
0.36 0 2.33247e+08
0.36 0.02 1.08163e+08
0.36 0.04 -4.35269e+08
0.36 0.06 -1.26348e+09
0.36 0.08 -2.07627e+09
0.36 0.1 -2.48173e+09
0.36 0.12 -2.13664e+09
0.36 0.14 -9.09075e+08
0.36 0.16 1.11084e+09
0.36 0.18 3.46363e+09
0.36 0.2 5.50935e+09
0.36 0.22 6.54478e+09
0.36 0.24 5.93274e+09
0.36 0.26 3.31812e+09
0.36 0.28 -1.17063e+09
0.36 0.3 -6.71074e+09
0.36 0.32 -1.1856e+10
0.36 0.34 -1.49532e+10
0.36 0.36 -1.43051e+10
0.36 0.38 -9.1685e+09
0.36 0.4 6.38798e+09
0.36 0.42 1.91269e+10
0.36 0.44 3.00619e+10
0.36 0.46 3.51465e+10
0.36 0.48 3.16112e+10
0.36 0.5 1.73276e+10
0.36 0.52 -6.39402e+09
0.36 0.54 -3.51283e+10
0.36 0.56 -6.16913e+10
0.36 0.58 -7.75345e+10
0.36 0.6 -7.37285e+10
0.36 0.62 -4.66507e+10
0.36 0.64 8.84751e+08
0.36 0.66 6.13817e+10
0.36 0.68 1.20049e+11
0.36 0.7 1.61697e+11
0.36 0.72 1.67634e+11
0.36 0.74 1.25494e+11
0.36 0.76 3.22431e+10
0.36 0.78 -9.89179e+10
0.36 0.8 -2.36926e+11
0.36 0.82 -3.46307e+11
0.36 0.84 -3.76554e+11
0.36 0.86 -2.36222e+11
0.36 0.88 4.34939e+10
0.36 0.9 3.43394e+11
0.36 0.92 4.54038e+13
0.36 0.94 0
0.36 0.96 0
0.36 0.98 0
0.36 1 206.301
0.4 0 1.47304e+08
0.4 0.02 -9.05808e+07
0.4 0.04 -7.08835e+08
0.4 0.06 -1.48356e+09
0.4 0.08 -2.11197e+09
0.4 0.1 -2.19438e+09
0.4 0.12 -1.49948e+09
0.4 0.14 3.14987e+07
0.4 0.16 2.11379e+09
0.4 0.18 4.26072e+09
0.4 0.2 5.80548e+09
0.4 0.22 6.04168e+09
0.4 0.24 4.54152e+09
0.4 0.26 1.21072e+09
0.4 0.28 -3.69976e+09
0.4 0.3 -8.84098e+09
0.4 0.32 -1.28783e+10
0.4 0.34 -1.42732e+10
0.4 0.36 -1.15781e+10
0.4 0.38 -4.6655e+09
0.4 0.4 1.20336e+10
0.4 0.42 2.35998e+10
0.4 0.44 3.15566e+10
0.4 0.46 3.24348e+10
0.4 0.48 2.4276e+10
0.4 0.5 6.19357e+09
0.4 0.52 -1.91509e+10
0.4 0.54 -4.6238e+10
0.4 0.56 -6.7273e+10
0.4 0.58 -7.33937e+10
0.4 0.6 -5.95525e+10
0.4 0.62 -2.32522e+10
0.4 0.64 2.85195e+10
0.4 0.66 8.67401e+10
0.4 0.68 1.34804e+11
0.4 0.7 1.59039e+11
0.4 0.72 1.43063e+11
0.4 0.74 7.76781e+10
0.4 0.76 -2.67851e+10
0.4 0.78 -1.58761e+11
0.4 0.8 -2.80435e+11
0.4 0.82 -3.50271e+11
0.4 0.84 -3.34193e+11
0.4 0.86 -1.32277e+11
0.4 0.88 3.13497e+11
0.4 0.9 4.65266e+11
0.4 0.92 5.11432e+13
0.4 0.94 0
0.4 0.96 0
0.4 0.98 0
0.4 1 157.377
0.44 0 5.28276e+07
0.44 0.02 -2.80439e+08
0.44 0.04 -9.25699e+08
0.44 0.06 -1.61907e+09
0.44 0.08 -2.01177e+09
0.44 0.1 -1.77452e+09
0.44 0.12 -7.68124e+08
0.44 0.14 9.56628e+08
0.44 0.16 2.98932e+09
0.44 0.18 4.78399e+09
0.44 0.2 5.69562e+09
0.44 0.22 5.15109e+09
0.44 0.24 2.88074e+09
0.44 0.26 -1.04735e+09
0.44 0.28 -5.86861e+09
0.44 0.3 -1.03959e+10
0.44 0.32 -1.31234e+10
0.44 0.34 -1.26789e+10
0.44 0.36 -8.11632e+09
0.44 0.38 5.57678e+09
0.44 0.4 1.69948e+10
0.44 0.42 2.65036e+10
0.44 0.44 3.10719e+10
0.44 0.46 2.77168e+10
0.44 0.48 1.52678e+10
0.44 0.5 -5.27967e+09
0.44 0.52 -3.07729e+10
0.44 0.54 -5.42284e+10
0.44 0.56 -6.85695e+10
0.44 0.58 -6.53192e+10
0.44 0.6 -4.16048e+10
0.44 0.62 7.52261e+08
0.44 0.64 5.4592e+10
0.44 0.66 1.06885e+11
0.44 0.68 1.42232e+11
0.44 0.7 1.47251e+11
0.44 0.72 1.09754e+11
0.44 0.74 2.90808e+10
0.44 0.76 -8.68303e+10
0.44 0.78 -2.0913e+11
0.44 0.8 -3.03985e+11
0.44 0.82 -3.3484e+11
0.44 0.84 -2.70725e+11
0.44 0.86 -1.86389e+10
0.44 0.88 4.38351e+11
0.44 0.9 5.4999e+11
0.44 0.92 5.3669e+13
0.44 0.94 0
0.44 0.96 0
0.44 0.98 0
0.44 1 98.5635
0.48 0 -4.41416e+07
0.48 0.02 -4.61998e+08
0.48 0.04 -1.0913e+09
0.48 0.06 -1.64744e+09
0.48 0.08 -1.7817e+09
0.48 0.1 -1.25447e+09
0.48 0.12 2.70368e+07
0.48 0.14 1.81992e+09
0.48 0.16 3.68686e+09
0.48 0.18 5.00956e+09
0.48 0.2 5.23637e+09
0.48 0.22 3.94005e+09
0.48 0.24 1.0124e+09
0.48 0.26 -3.15872e+09
0.48 0.28 -7.70969e+09
0.48 0.3 -1.13317e+10
0.48 0.32 -1.25392e+10
0.48 0.34 -1.02204e+10
0.48 0.36 -4.16876e+09
0.48 0.38 1.06459e+10
0.48 0.4 2.09036e+10
0.48 0.42 2.78206e+10
0.48 0.44 2.86965e+10
0.48 0.46 2.12499e+10
0.48 0.48 5.38712e+09
0.48 0.5 -1.70683e+10
0.48 0.52 -4.05785e+10
0.48 0.54 -5.90279e+10
0.48 0.56 -6.49669e+10
0.48 0.58 -5.28345e+10
0.48 0.6 -2.12316e+10
0.48 0.62 2.50388e+10
0.48 0.64 7.73074e+10
0.48 0.66 1.20223e+11
0.48 0.68 1.4067e+11
0.48 0.7 1.2552e+11
0.48 0.72 6.95402e+10
0.48 0.74 -2.3764e+10
0.48 0.76 -1.38842e+11
0.48 0.78 -2.45067e+11
0.48 0.8 -3.08852e+11
0.48 0.82 -2.97758e+11
0.48 0.84 -1.89852e+11
0.48 0.86 1.65168e+11
0.48 0.88 4.50955e+11
0.48 0.9 6.19512e+11
0.48 0.92 5.28226e+13
0.48 0.94 0
0.48 0.96 0
0.48 0.98 0
0.48 1 33.5573
0.52 0 -1.40702e+08
0.52 0.02 -6.04882e+08
0.52 0.04 -1.18717e+09
0.52 0.06 -1.57337e+09
0.52 0.08 -1.45482e+09
0.52 0.1 -6.4626e+08
0.52 0.12 8.0285e+08
0.52 0.14 2.56649e+09
0.52 0.16 4.13374e+09
0.52 0.18 4.93749e+09
0.52 0.2 4.47677e+09
0.52 0.22 2.46926e+09
0.52 0.24 -9.14218e+08
0.52 0.26 -5.13237e+09
0.52 0.28 -9.0873e+09
0.52 0.3 -1.15536e+10
0.52 0.32 -1.10985e+10
0.52 0.34 -7.21568e+09
0.52 0.36 4.96014e+09
0.52 0.38 1.50163e+10
0.52 0.4 2.34919e+10
0.52 0.42 2.71745e+10
0.52 0.44 2.41165e+10
0.52 0.46 1.33385e+10
0.52 0.48 -4.74059e+09
0.52 0.5 -2.70266e+10
0.52 0.52 -4.77145e+10
0.52 0.54 -6.00627e+10
0.52 0.56 -5.79474e+10
0.52 0.58 -3.71007e+10
0.52 0.6 9.59475e+08
0.52 0.62 4.8872e+10
0.52 0.64 9.47543e+10
0.52 0.66 1.2544e+11
0.52 0.68 1.29202e+11
0.52 0.7 9.59278e+10
0.52 0.72 2.59659e+10
0.52 0.74 -7.53035e+10
0.52 0.76 -1.83599e+11
0.52 0.78 -2.67543e+11
0.52 0.8 -2.93578e+11
0.52 0.82 -2.41326e+11
0.52 0.84 -9.41364e+10
0.52 0.86 2.7571e+11
0.52 0.88 4.89878e+11
0.52 0.9 6.50108e+11
0.52 0.92 4.86572e+13
0.52 0.94 0
0.52 0.96 0
0.52 0.98 0
0.52 1 -33.5573
0.56 0 -2.26185e+08
0.56 0.02 -7.15496e+08
0.56 0.04 -1.20861e+09
0.56 0.06 -1.3986e+09
0.56 0.08 -1.02297e+09
0.56 0.1 5.18463e+06
0.56 0.12 1.52202e+09
0.56 0.14 3.14352e+09
0.56 0.16 4.32373e+09
0.56 0.18 4.5266e+09
0.56 0.2 3.39284e+09
0.56 0.22 8.55263e+08
0.56 0.24 -2.75819e+09
0.56 0.26 -6.75433e+09
0.56 0.28 -9.89233e+09
0.56 0.3 -1.09826e+10
0.56 0.32 -9.02308e+09
0.56 0.34 -3.7068e+09
0.56 0.36 9.32582e+09
0.56 0.38 1.85502e+10
0.56 0.4 2.45775e+10
0.56 0.42 2.50754e+10
0.56 0.44 1.84768e+10
0.56 0.46 4.6332e+09
0.56 0.48 -1.47381e+10
0.56 0.5 -3.55551e+10
0.56 0.52 -5.19487e+10
0.56 0.54 -5.75202e+10
0.56 0.56 -4.68331e+10
0.56 0.58 -1.90681e+10
0.56 0.6 2.23834e+10
0.56 0.62 6.82247e+10
0.56 0.64 1.06461e+11
0.56 0.66 1.23266e+11
0.56 0.68 1.10052e+11
0.56 0.7 6.04398e+10
0.56 0.72 -2.07963e+10
0.56 0.74 -1.22499e+11
0.56 0.76 -2.1567e+11
0.56 0.78 -2.72271e+11
0.56 0.8 -2.61628e+11
0.56 0.82 -1.70323e+11
0.56 0.84 1.14123e+11
0.56 0.86 3.74339e+11
0.56 0.88 5.46596e+11
0.56 0.9 6.39856e+11
0.56 0.92 4.14344e+13
0.56 0.94 0
0.56 0.96 0
0.56 0.98 0
0.56 1 -98.5635
0.6 0 -3.00972e+08
0.6 0.02 -7.76257e+08
0.6 0.04 -1.15183e+09
0.6 0.06 -1.134e+09
0.6 0.08 -5.3148e+08
0.6 0.1 6.46918e+08
0.6 0.12 2.16375e+09
0.6 0.14 3.54296e+09
0.6 0.16 4.23476e+09
0.6 0.18 3.86324e+09
0.6 0.2 2.11697e+09
0.6 0.22 -8.20071e+08
0.6 0.24 -4.46648e+09
0.6 0.26 -7.91591e+09
0.6 0.28 -1.00664e+10
0.6 0.3 -9.78306e+09
0.6 0.32 -6.40049e+09
0.6 0.34 4.23385e+09
0.6 0.36 1.32868e+10
0.6 0.38 2.08114e+10
0.6 0.4 2.41421e+10
0.6 0.42 2.12365e+10
0.6 0.44 1.15732e+10
0.6 0.46 -4.29075e+09
0.6 0.48 -2.36247e+10
0.6 0.5 -4.1828e+10
0.6 0.52 -5.29973e+10
0.6 0.54 -5.09237e+10
0.6 0.56 -3.30446e+10
0.6 0.58 2.6266e+08
0.6 0.6 4.27851e+10
0.6 0.62 8.40414e+10
0.6 0.64 1.11432e+11
0.6 0.66 1.13253e+11
0.6 0.68 8.35246e+10
0.6 0.7 2.12077e+10
0.6 0.72 -6.65719e+10
0.6 0.74 -1.60587e+11
0.6 0.76 -2.34191e+11
0.6 0.78 -2.5852e+11
0.6 0.8 -2.13247e+11
0.6 0.82 -8.75639e+10
0.6 0.84 2.19055e+11
0.6 0.86 4.30487e+11
0.6 0.88 5.56863e+11
0.6 0.9 5.89399e+11
0.6 0.92 3.16082e+13
0.6 0.94 0
0.6 0.96 0
0.6 0.98 0
0.6 1 -157.377
0.64 0 -3.51035e+08
0.64 0.02 -7.91395e+08
0.64 0.04 -1.02307e+09
0.64 0.06 -8.10542e+08
0.64 0.08 -7.42888e+06
0.64 0.1 1.25501e+09
0.64 0.12 2.66421e+09
0.64 0.14 3.70825e+09
0.64 0.16 3.90514e+09
0.64 0.18 2.92456e+09
0.64 0.2 7.21901e+08
0.64 0.22 -2.40517e+09
0.64 0.24 -5.89834e+09
0.64 0.26 -8.6212e+09
0.64 0.28 -9.60343e+09
0.64 0.3 -7.90339e+09
0.64 0.32 -3.32977e+09
0.64 0.34 8.23368e+09
0.64 0.36 1.6335e+10
0.64 0.38 2.1784e+10
0.64 0.4 2.21888e+10
0.64 0.42 1.62492e+10
0.64 0.44 3.96858e+09
0.64 0.46 -1.30897e+10
0.64 0.48 -3.14426e+10
0.64 0.5 -4.56022e+10
0.64 0.52 -5.0468e+10
0.64 0.54 -4.14632e+10
0.64 0.56 -1.71105e+10
0.64 0.58 1.93961e+10
0.64 0.6 6.03889e+10
0.64 0.62 9.43384e+10
0.64 0.64 1.09542e+11
0.64 0.66 9.68666e+10
0.64 0.68 5.21868e+10
0.64 0.7 -1.99071e+10
0.64 0.72 -1.0712e+11
0.64 0.74 -1.89089e+11
0.64 0.76 -2.38835e+11
0.64 0.78 -2.30735e+11
0.64 0.8 -1.50812e+11
0.64 0.82 1.00085e+11
0.64 0.84 3.07947e+11
0.64 0.86 4.80413e+11
0.64 0.88 5.3151e+11
0.64 0.9 5.01907e+11
0.64 0.92 1.97959e+13
0.64 0.94 0
0.64 0.96 0
0.64 0.98 0
0.64 1 -206.301
0.68 0 -3.82858e+08
0.68 0.02 -7.55822e+08
0.68 0.04 -8.38475e+08
0.68 0.06 -4.22643e+08
0.68 0.08 5.19454e+08
0.68 0.1 1.78466e+09
0.68 0.12 2.99709e+09
0.68 0.14 3.63863e+09
0.68 0.16 3.30357e+09
0.68 0.18 1.80137e+09
0.68 0.2 -7.35339e+08
0.68 0.22 -3.91075e+09
0.68 0.24 -6.93741e+09
0.68 0.26 -8.77953e+09
0.68 0.28 -8.53207e+09
0.68 0.3 -5.57846e+09
0.68 0.32 3.71266e+09
0.68 0.34 1.16461e+10
0.68 0.36 1.83399e+10
0.68 0.38 2.13613e+10
0.68 0.4 1.88026e+10
0.68 0.42 1.01356e+10
0.68 0.44 -3.95578e+09
0.68 0.46 -2.08097e+10
0.68 0.48 -3.68622e+10
0.68 0.5 -4.64241e+10
0.68 0.52 -4.49268e+10
0.68 0.54 -2.91413e+10
0.68 0.56 -7.8296e+07
0.68 0.58 3.75733e+10
0.68 0.6 7.49325e+10
0.68 0.62 9.87997e+10
0.68 0.64 1.0098e+11
0.68 0.66 7.33226e+10
0.68 0.68 1.80012e+10
0.68 0.7 -5.90939e+10
0.68 0.72 -1.41272e+11
0.68 0.74 -2.05883e+11
0.68 0.76 -2.27422e+11
0.68 0.78 -1.88726e+11
0.68 0.8 -7.8534e+10
0.68 0.82 1.92607e+11
0.68 0.84 3.82493e+11
0.68 0.86 4.525e+11
0.68 0.88 4.71205e+11
0.68 0.9 3.8288e+11
0.68 0.92 6.73981e+12
0.68 0.94 0
0.68 0.96 0
0.68 0.98 0
0.68 1 -242.263
0.72 0 -3.90517e+08
0.72 0.02 -6.72204e+08
0.72 0.04 -5.9028e+08
0.72 0.06 -1.13651e+07
0.72 0.08 1.01287e+09
0.72 0.1 2.20805e+09
0.72 0.12 3.13547e+09
0.72 0.14 3.34472e+09
0.72 0.16 2.51714e+09
0.72 0.18 5.97645e+08
0.72 0.2 -2.13746e+09
0.72 0.22 -5.15276e+09
0.72 0.24 -7.52572e+09
0.72 0.26 -8.38576e+09
0.72 0.28 -6.95789e+09
0.72 0.3 -2.9553e+09
0.72 0.32 7.19913e+09
0.72 0.34 1.43941e+10
0.72 0.36 1.92851e+10
0.72 0.38 1.9652e+10
0.72 0.4 1.43953e+10
0.72 0.42 3.34569e+09
0.72 0.44 -1.15448e+10
0.72 0.46 -2.74107e+10
0.72 0.48 -3.98673e+10
0.72 0.5 -4.44294e+10
0.72 0.52 -3.64976e+10
0.72 0.54 -1.51262e+10
0.72 0.56 1.6913e+10
0.72 0.58 5.29625e+10
0.72 0.6 8.34457e+10
0.72 0.62 9.68798e+10
0.72 0.64 8.53668e+10
0.72 0.66 4.63701e+10
0.72 0.68 -1.79528e+10
0.72 0.7 -9.50582e+10
0.72 0.72 -1.66284e+11
0.72 0.74 -2.09779e+11
0.72 0.76 -2.03988e+11
0.72 0.78 -1.33066e+11
0.72 0.8 8.73908e+10
0.72 0.82 2.74607e+11
0.72 0.84 4.2863e+11
0.72 0.86 3.67378e+11
0.72 0.88 3.34678e+11
0.72 0.9 2.39794e+11
0.72 0.92 -6.73981e+12
0.72 0.94 0
0.72 0.96 0
0.72 0.98 0
0.72 1 -263.002
0.76 0 -3.71823e+08
0.76 0.02 -5.48013e+08
0.76 0.04 -3.07338e+08
0.76 0.06 3.9677e+08
0.76 0.08 1.43915e+09
0.76 0.1 2.49058e+09
0.76 0.12 3.08394e+09
0.76 0.14 2.83045e+09
0.76 0.16 1.54409e+09
0.76 0.18 -6.53969e+08
0.76 0.2 -3.4149e+09
0.76 0.22 -6.03929e+09
0.76 0.24 -7.62895e+09
0.76 0.26 -7.46965e+09
0.76 0.28 -4.90386e+09
0.76 0.3 3.19978e+09
0.76 0.32 1.02605e+10
0.76 0.34 1.62053e+10
0.76 0.36 1.88769e+10
0.76 0.38 1.66453e+10
0.76 0.4 8.93139e+09
0.76 0.42 -3.58e+09
0.76 0.44 -1.85934e+10
0.76 0.46 -3.24819e+10
0.76 0.48 -4.07238e+10
0.76 0.5 -3.94279e+10
0.76 0.52 -2.56918e+10
0.76 0.54 -2.8401e+08
0.76 0.56 3.28428e+10
0.76 0.58 6.53608e+10
0.76 0.6 8.731e+10
0.76 0.62 8.9116e+10
0.76 0.64 6.48123e+10
0.76 0.66 1.54292e+10
0.76 0.68 -5.26655e+10
0.76 0.7 -1.25095e+11
0.76 0.72 -1.80918e+11
0.76 0.74 -2.00835e+11
0.76 0.76 -1.65008e+11
0.76 0.78 -6.95376e+10
0.76 0.8 1.68361e+11
0.76 0.82 3.3543e+11
0.76 0.84 4.38073e+11
0.76 0.86 3.08969e+11
0.76 0.88 2.45879e+11
0.76 0.9 8.16413e+10
0.76 0.92 -1.97959e+13
0.76 0.94 0
0.76 0.96 0
0.76 0.98 0
0.76 1 -267.217
0.8 0 -3.32143e+08
0.8 0.02 -3.89768e+08
0.8 0.04 -6.81289e+06
0.8 0.06 7.85801e+08
0.8 0.08 1.78216e+09
0.8 0.1 2.60894e+09
0.8 0.12 2.8323e+09
0.8 0.14 2.1556e+09
0.8 0.16 5.03905e+08
0.8 0.18 -1.86924e+09
0.8 0.2 -4.46304e+09
0.8 0.22 -6.5288e+09
0.8 0.24 -7.29158e+09
0.8 0.26 -6.0834e+09
0.8 0.28 -2.5715e+09
0.8 0.3 6.28399e+09
0.8 0.32 1.25535e+10
0.8 0.34 1.69442e+10
0.8 0.36 1.74005e+10
0.8 0.38 1.26339e+10
0.8 0.4 3.00085e+09
0.8 0.42 -1.0371e+10
0.8 0.44 -2.43267e+10
0.8 0.46 -3.51567e+10
0.8 0.48 -3.88855e+10
0.8 0.5 -3.21695e+10
0.8 0.52 -1.35055e+10
0.8 0.54 1.46435e+10
0.8 0.56 4.67693e+10
0.8 0.58 7.3772e+10
0.8 0.6 8.59176e+10
0.8 0.62 7.53314e+10
0.8 0.64 4.05454e+10
0.8 0.66 -1.64105e+10
0.8 0.68 -8.4541e+10
0.8 0.7 -1.46884e+11
0.8 0.72 -1.84311e+11
0.8 0.74 -1.78446e+11
0.8 0.76 -1.17862e+11
0.8 0.78 7.57877e+10
0.8 0.8 2.39004e+11
0.8 0.82 3.78287e+11
0.8 0.84 4.11809e+11
0.8 0.86 2.94477e+11
0.8 0.88 1.52875e+11
0.8 0.9 -8.16413e+10
0.8 0.92 -3.16082e+13
0.8 0.94 0
0.8 0.96 0
0.8 0.98 0
0.8 1 -254.641
0.84 0 -2.70207e+08
0.84 0.02 -2.03228e+08
0.84 0.04 2.94041e+08
0.84 0.06 1.12212e+09
0.84 0.08 2.01113e+09
0.84 0.1 2.5571e+09
0.84 0.12 2.40826e+09
0.84 0.14 1.33031e+09
0.84 0.16 -5.73486e+08
0.84 0.18 -2.96704e+09
0.84 0.2 -5.24148e+09
0.84 0.22 -6.67793e+09
0.84 0.24 -6.49661e+09
0.84 0.26 -4.32297e+09
0.84 0.28 2.76632e+09
0.84 0.3 8.95274e+09
0.84 0.32 1.42283e+10
0.84 0.34 1.67397e+10
0.84 0.36 1.47439e+10
0.84 0.38 7.73828e+09
0.84 0.4 -3.20416e+09
0.84 0.42 -1.64433e+10
0.84 0.44 -2.85893e+10
0.84 0.46 -3.5696e+10
0.84 0.48 -3.45928e+10
0.84 0.5 -2.28657e+10
0.84 0.52 -4.10664e+08
0.84 0.54 2.87925e+10
0.84 0.56 5.82386e+10
0.84 0.58 7.78926e+10
0.84 0.6 7.89159e+10
0.84 0.62 5.73965e+10
0.84 0.64 1.34566e+10
0.84 0.66 -4.70098e+10
0.84 0.68 -1.09582e+11
0.84 0.7 -1.59384e+11
0.84 0.72 -1.75984e+11
0.84 0.74 -1.44904e+11
0.84 0.76 -6.04247e+10
0.84 0.78 1.47712e+11
0.84 0.8 2.96768e+11
0.84 0.82 3.96689e+11
0.84 0.84 3.58358e+11
0.84 0.86 2.12068e+09
0.84 0.88 5.75641e+10
0.84 0.9 -2.39794e+11
0.84 0.92 -4.14344e+13
0.84 0.94 0
0.84 0.96 0
0.84 0.98 0
0.84 1 -226.064
0.88 0 -1.91584e+08
0.88 0.02 -1.02545e+07
0.88 0.04 5.76038e+08
0.88 0.06 1.38726e+09
0.88 0.08 2.09699e+09
0.88 0.1 2.36258e+09
0.88 0.12 1.82791e+09
0.88 0.14 4.10317e+08
0.88 0.16 -1.64045e+09
0.88 0.18 -3.88336e+09
0.88 0.2 -5.69748e+09
0.88 0.22 -6.32454e+09
0.88 0.24 -5.2807e+09
0.88 0.26 -2.24234e+09
0.88 0.28 5.49944e+09
0.88 0.3 1.10694e+10
0.88 0.32 1.49685e+10
0.88 0.34 1.53904e+10
0.88 0.36 1.12319e+10
0.88 0.38 2.56957e+09
0.88 0.4 -9.2421e+09
0.88 0.42 -2.15032e+10
0.88 0.44 -3.11543e+10
0.88 0.46 -3.42012e+10
0.88 0.48 -2.81426e+10
0.88 0.5 -1.19254e+10
0.88 0.52 1.2743e+10
0.88 0.54 4.09666e+10
0.88 0.56 6.47526e+10
0.88 0.58 7.59412e+10
0.88 0.6 6.70321e+10
0.88 0.62 3.55688e+10
0.88 0.64 -1.49107e+10
0.88 0.66 -7.45832e+10
0.88 0.68 -1.29144e+11
0.88 0.7 -1.61546e+11
0.88 0.72 -1.5667e+11
0.88 0.74 -1.02003e+11
0.88 0.76 6.58079e+10
0.88 0.78 2.10649e+11
0.88 0.8 3.35008e+11
0.88 0.82 3.90948e+11
0.88 0.84 2.71404e+11
0.88 0.86 -7.60694e+10
0.88 0.88 -1.34917e+11
0.88 0.9 -3.8288e+11
0.88 0.92 -4.86572e+13
0.88 0.94 0
0.88 0.96 0
0.88 0.98 0
0.88 1 -183.284
0.92 0 -1.007e+08
0.92 0.02 1.92387e+08
0.92 0.04 8.19826e+08
0.92 0.06 1.56396e+09
0.92 0.08 2.08182e+09
0.92 0.1 2.00836e+09
0.92 0.12 1.13918e+09
0.92 0.14 -5.19101e+08
0.92 0.16 -2.57101e+09
0.92 0.18 -4.5579e+09
0.92 0.2 -5.77571e+09
0.92 0.22 -5.63412e+09
0.92 0.24 -3.73086e+09
0.92 0.26 2.41061e+09
0.92 0.28 7.82189e+09
0.92 0.3 1.25077e+10
0.92 0.32 1.46631e+10
0.92 0.34 1.30777e+10
0.92 0.36 6.92246e+09
0.92 0.38 -3.01846e+09
0.92 0.4 -1.45686e+10
0.92 0.42 -2.53024e+10
0.92 0.44 -3.14998e+10
0.92 0.46 -3.03161e+10
0.92 0.48 -1.99577e+10
0.92 0.5 -3.61779e+08
0.92 0.52 2.50277e+10
0.92 0.54 5.08004e+10
0.92 0.56 6.8423e+10
0.92 0.58 6.99619e+10
0.92 0.6 5.11399e+10
0.92 0.62 1.16958e+10
0.92 0.64 -4.19726e+10
0.92 0.66 -9.75162e+10
0.92 0.68 -1.4052e+11
0.92 0.7 -1.54136e+11
0.92 0.72 -1.27376e+11
0.92 0.74 -5.49987e+10
0.92 0.76 1.29647e+11
0.92 0.78 2.59958e+11
0.92 0.8 3.50603e+11
0.92 0.82 3.60097e+11
0.92 0.84 1.96087e+11
0.92 0.86 -1.26747e+11
0.92 0.88 -2.76741e+11
0.92 0.9 -5.01908e+11
0.92 0.92 -5.28226e+13
0.92 0.94 0
0.92 0.96 0
0.92 0.98 0
0.92 1 -128.987
0.96 0 -3.7301e+06
0.96 0.02 3.76359e+08
0.96 0.04 1.0153e+09
0.96 0.06 1.64222e+09
0.96 0.08 1.91389e+09
0.96 0.1 1.52785e+09
0.96 0.12 3.73915e+08
0.96 0.14 -1.41206e+09
0.96 0.16 -3.35433e+09
0.96 0.18 -4.92108e+09
0.96 0.2 -5.47945e+09
0.96 0.22 -4.56795e+09
0.96 0.24 -1.94645e+09
0.96 0.26 4.77428e+09
0.96 0.28 9.67937e+09
0.96 0.3 1.3135e+10
0.96 0.32 1.3633e+10
0.96 0.34 9.94087e+09
0.96 0.36 2.21225e+09
0.96 0.38 -8.25566e+09
0.96 0.4 -1.90804e+10
0.96 0.42 -2.74793e+10
0.96 0.44 -2.99678e+10
0.96 0.46 -2.47059e+10
0.96 0.48 -1.05016e+10
0.96 0.5 1.10225e+10
0.96 0.52 3.59702e+10
0.96 0.54 5.69366e+10
0.96 0.56 6.68778e+10
0.96 0.58 5.95598e+10
0.96 0.6 3.20626e+10
0.96 0.62 -1.2851e+10
0.96 0.64 -6.61261e+10
0.96 0.66 -1.14224e+11
0.96 0.68 -1.42162e+11
0.96 0.7 -1.37248e+11
0.96 0.72 -8.98789e+10
0.96 0.74 5.72426e+10
0.96 0.76 1.84694e+11
0.96 0.78 2.93231e+11
0.96 0.8 3.44016e+11
0.96 0.82 3.06201e+11
0.96 0.84 8.8102e+10
0.96 0.86 -2.28078e+11
0.96 0.88 -3.62057e+11
0.96 0.9 -5.89399e+11
0.96 0.92 -5.3669e+13
0.96 0.94 0
0.96 0.96 0
0.96 0.98 0
0.96 1 -66.5854
1 0 9.40239e+07
1 0.02 5.34433e+08
1 0.04 1.14826e+09
1 0.06 1.62682e+09
1 0.08 1.6408e+09
1 0.1 9.55524e+08
1 0.12 -4.08662e+08
1 0.14 -2.20366e+09
1 0.16 -3.93556e+09
1 0.18 -5.00374e+09
1 0.2 -4.86892e+09
1 0.22 -3.2276e+09
1 0.24 2.1055e+09
1 0.26 6.81455e+09
1 0.28 1.09138e+10
1 0.3 1.28964e+10
1 0.32 1.1526e+10
1 0.34 6.19082e+09
1 0.36 -2.52225e+09
1 0.38 -1.29458e+10
1 0.4 -2.23341e+10
1 0.42 -2.77631e+10
1 0.44 -2.67153e+10
1 0.46 -1.7399e+10
1 0.48 -1.35875e+08
1 0.5 2.19404e+10
1 0.52 4.44689e+10
1 0.54 6.00282e+10
1 0.56 6.21374e+10
1 0.58 4.53227e+10
1 0.6 1.02013e+10
1 0.62 -3.77598e+10
1 0.64 -8.65472e+10
1 0.66 -1.23982e+11
1 0.68 -1.35341e+11
1 0.7 -1.1159e+11
1 0.72 -4.77071e+10
1 0.74 1.13782e+11
1 0.76 2.28626e+11
1 0.78 3.08781e+11
1 0.8 3.17797e+11
1 0.82 2.31511e+11
1 0.84 2.93128e+09
1 0.86 -3.05443e+11
1 0.88 -4.74177e+11
1 0.9 -6.39856e+11
1 0.92 -5.11432e+13
1 0.94 0
1 0.96 0
1 0.98 0
1 1 -6.55786e-14
1.04 0 1.85178e+08
1.04 0.02 6.61705e+08
1.04 0.04 1.20714e+09
1.04 0.06 1.49485e+09
1.04 0.08 1.24687e+09
1.04 0.1 3.18866e+08
1.04 0.12 -1.1719e+09
1.04 0.14 -2.87335e+09
1.04 0.16 -4.25993e+09
1.04 0.18 -4.76133e+09
1.04 0.2 -3.93119e+09
1.04 0.22 -1.67199e+09
1.04 0.24 4.14903e+09
1.04 0.26 8.46606e+09
1.04 0.28 1.14818e+10
1.04 0.3 1.19712e+10
1.04 0.32 8.85508e+09
1.04 0.34 2.00637e+09
1.04 0.36 -7.31516e+09
1.04 0.38 -1.68425e+10
1.04 0.4 -2.42293e+10
1.04 0.42 -2.64942e+10
1.04 0.44 -2.1731e+10
1.04 0.46 -9.10745e+09
1.04 0.48 9.89955e+09
1.04 0.5 3.16252e+10
1.04 0.52 5.02024e+10
1.04 0.54 5.93107e+10
1.04 0.56 5.2669e+10
1.04 0.58 2.81465e+10
1.04 0.6 -1.16587e+10
1.04 0.62 -5.88787e+10
1.04 0.64 -1.01181e+11
1.04 0.66 -1.2517e+11
1.04 0.68 -1.2097e+11
1.04 0.7 -7.88063e+10
1.04 0.72 5.0622e+10
1.04 0.74 1.61991e+11
1.04 0.76 2.58419e+11
1.04 0.78 3.04623e+11
1.04 0.8 2.71519e+11
1.04 0.82 1.44596e+11
1.04 0.84 -9.91212e+10
1.04 0.86 -4.52798e+11
1.04 0.88 -5.30113e+11
1.04 0.9 -6.50108e+11
1.04 0.92 -4.54038e+13
1.04 0.94 0
1.04 0.96 0
1.04 0.98 0
1.04 1 66.5854
1.08 0 2.62152e+08
1.08 0.02 7.51306e+08
1.08 0.04 1.18973e+09
1.08 0.06 1.27594e+09
1.08 0.08 7.87878e+08
1.08 0.1 -3.31533e+08
1.08 0.12 -1.86645e+09
1.08 0.14 -3.37608e+09
1.08 0.16 -4.31212e+09
1.08 0.18 -4.20612e+09
1.08 0.2 -2.78209e+09
1.08 0.22 1.86162e+09
1.08 0.24 5.97513e+09
1.08 0.26 9.53388e+09
1.08 0.28 1.1329e+10
1.08 0.3 1.01507e+10
1.08 0.32 5.48229e+09
1.08 0.34 -2.25193e+09
1.08 0.36 -1.14656e+10
1.08 0.38 -1.97655e+10
1.08 0.4 -2.45237e+10
1.08 0.42 -2.34941e+10
1.08 0.44 -1.52826e+10
1.08 0.46 -1.70681e+08
1.08 0.48 1.95026e+10
1.08 0.5 3.90246e+10
1.08 0.52 5.2835e+10
1.08 0.54 5.49638e+10
1.08 0.56 4.03763e+10
1.08 0.58 9.44054e+09
1.08 0.6 -3.28805e+10
1.08 0.62 -7.67476e+10
1.08 0.64 -1.09798e+11
1.08 0.66 -1.19609e+11
1.08 0.68 -9.7674e+10
1.08 0.7 -4.11815e+10
1.08 0.72 1.00239e+11
1.08 0.74 2.00385e+11
1.08 0.76 2.71087e+11
1.08 0.78 2.78422e+11
1.08 0.8 2.06275e+11
1.08 0.82 4.74773e+10
1.08 0.84 -1.92824e+11
1.08 0.86 -5.15959e+11
1.08 0.88 -5.5577e+11
1.08 0.9 -6.19512e+11
1.08 0.92 -3.68116e+13
1.08 0.94 0
1.08 0.96 0
1.08 0.98 0
1.08 1 128.987
1.12 0 3.25406e+08
1.12 0.02 7.91027e+08
1.12 0.04 1.09855e+09
1.12 0.06 9.83151e+08
1.12 0.08 2.67086e+08
1.12 0.1 -9.7025e+08
1.12 0.12 -2.44207e+09
1.12 0.14 -3.6506e+09
1.12 0.16 -4.10818e+09
1.12 0.18 -3.41121e+09
1.12 0.2 -1.43467e+09
1.12 0.22 3.62888e+09
1.12 0.24 7.40202e+09
1.12 0.26 1.00396e+10
1.12 0.28 1.04278e+10
1.12 0.3 7.77169e+09
1.12 0.32 1.86774e+09
1.12 0.34 -6.33388e+09
1.12 0.36 -1.4949e+10
1.12 0.38 -2.14245e+10
1.12 0.4 -2.32789e+10
1.12 0.42 -1.90502e+10
1.12 0.44 -7.86452e+09
1.12 0.46 8.78649e+09
1.12 0.48 2.77523e+10
1.12 0.5 4.40351e+10
1.12 0.52 5.20839e+10
1.12 0.54 4.67165e+10
1.12 0.56 2.51569e+10
1.12 0.58 -1.01936e+10
1.12 0.6 -5.20617e+10
1.12 0.62 -8.98142e+10
1.12 0.64 -1.11441e+11
1.12 0.66 -1.0626e+11
1.12 0.68 -6.85699e+10
1.12 0.7 4.4471e+10
1.12 0.72 1.42226e+11
1.12 0.74 2.26586e+11
1.12 0.76 2.67659e+11
1.12 0.78 2.38627e+11
1.12 0.8 1.2949e+11
1.12 0.82 -5.30791e+10
1.12 0.84 -2.91617e+11
1.12 0.86 -4.78507e+11
1.12 0.88 -5.5609e+11
1.12 0.9 -5.4999e+11
1.12 0.92 -2.59064e+13
1.12 0.94 0
1.12 0.96 0
1.12 0.98 0
1.12 1 183.284
1.16 0 3.73105e+08
1.16 0.02 7.79964e+08
1.16 0.04 9.43897e+08
1.16 0.06 6.21834e+08
1.16 0.08 -2.59757e+08
1.16 0.1 -1.54582e+09
1.16 0.12 -2.86386e+09
1.16 0.14 -3.69787e+09
1.16 0.16 -3.66076e+09
1.16 0.18 -2.38016e+09
1.16 0.2 1.65456e+09
1.16 0.22 5.24964e+09
1.16 0.24 8.32133e+09
1.16 0.26 9.89236e+09
1.16 0.28 8.88483e+09
1.16 0.3 4.94769e+09
1.16 0.32 -1.89963e+09
1.16 0.34 -1.00283e+10
1.16 0.36 -1.7524e+10
1.16 0.38 -2.17122e+10
1.16 0.4 -2.07814e+10
1.16 0.42 -1.33211e+10
1.16 0.44 -776620
1.16 0.46 1.69671e+10
1.16 0.48 3.43461e+10
1.16 0.5 4.6342e+10
1.16 0.52 4.7996e+10
1.16 0.54 3.55434e+10
1.16 0.56 8.55219e+09
1.16 0.58 -2.89959e+10
1.16 0.6 -6.82354e+10
1.16 0.62 -9.72226e+10
1.16 0.64 -1.06239e+11
1.16 0.66 -8.60769e+10
1.16 0.68 -3.54252e+10
1.16 0.7 8.87326e+10
1.16 0.72 1.75986e+11
1.16 0.74 2.38085e+11
1.16 0.76 2.45873e+11
1.16 0.78 1.84104e+11
1.16 0.8 4.34662e+10
1.16 0.82 -1.49164e+11
1.16 0.84 -3.69623e+11
1.16 0.86 -4.70076e+11
1.16 0.88 -5.01257e+11
1.16 0.9 -4.4591e+11
1.16 0.92 -1.33733e+13
1.16 0.94 0
1.16 0.96 0
1.16 0.98 0
1.16 1 226.064
1.2 0 3.89886e+08
1.2 0.02 7.2051e+08
1.2 0.04 7.23494e+08
1.2 0.06 2.21975e+08
1.2 0.08 -7.73217e+08
1.2 0.1 -2.02369e+09
1.2 0.12 -3.09179e+09
1.2 0.14 -3.5132e+09
1.2 0.16 -2.92589e+09
1.2 0.18 -1.21329e+09
1.2 0.2 3.21828e+09
1.2 0.22 6.45955e+09
1.2 0.24 8.761e+09
1.2 0.26 9.12931e+09
1.2 0.28 6.80624e+09
1.2 0.3 1.70315e+09
1.2 0.32 -5.56762e+09
1.2 0.34 -1.31182e+10
1.2 0.36 -1.89766e+10
1.2 0.38 -2.06108e+10
1.2 0.4 -1.66719e+10
1.2 0.42 -6.85214e+09
1.2 0.44 7.85065e+09
1.2 0.46 2.44565e+10
1.2 0.48 3.8654e+10
1.2 0.5 4.57107e+10
1.2 0.52 4.09836e+10
1.2 0.54 2.25001e+10
1.2 0.56 -8.5397e+09
1.2 0.58 -4.57149e+10
1.2 0.6 -7.97202e+10
1.2 0.62 -9.85633e+10
1.2 0.64 -9.3786e+10
1.2 0.66 -5.97223e+10
1.2 0.68 3.9827e+10
1.2 0.7 1.24698e+11
1.2 0.72 1.9903e+11
1.2 0.74 2.35297e+11
1.2 0.76 2.10766e+11
1.2 0.78 1.14231e+11
1.2 0.8 -4.44626e+10
1.2 0.82 -2.35397e+11
1.2 0.84 -4.14834e+11
1.2 0.86 -4.28344e+11
1.2 0.88 -4.19777e+11
1.2 0.9 -3.13811e+11
1.2 0.92 -0.0131711
1.2 0.94 0
1.2 0.96 0
1.2 0.98 0
1.2 1 254.641
1.24 0 3.83898e+08
1.24 0.02 6.1574e+08
1.24 0.04 4.6229e+08
1.24 0.06 -1.95039e+08
1.24 0.08 -1.24762e+09
1.24 0.1 -2.36012e+09
1.24 0.12 -3.1308e+09
1.24 0.14 -3.11509e+09
1.24 0.16 -2.05238e+09
1.24 0.18 1.4628e+09
1.24 0.2 4.56079e+09
1.24 0.22 7.25938e+09
1.24 0.24 8.63048e+09
1.24 0.26 7.8055e+09
1.24 0.28 4.34899e+09
1.24 0.3 -1.60698e+09
1.24 0.32 -8.78108e+09
1.24 0.34 -1.54312e+10
1.24 0.36 -1.92065e+10
1.24 0.38 -1.8298e+10
1.24 0.4 -1.17232e+10
1.24 0.42 7.82305e+07
1.24 0.44 1.51524e+10
1.24 0.46 3.00718e+10
1.24 0.48 4.06109e+10
1.24 0.5 4.21732e+10
1.24 0.52 3.14614e+10
1.24 0.54 7.75412e+09
1.24 0.56 -2.51564e+10
1.24 0.58 -5.99383e+10
1.24 0.6 -8.60802e+10
1.24 0.62 -9.35277e+10
1.24 0.64 -7.53974e+10
1.24 0.66 -3.06785e+10
1.24 0.68 7.81451e+10
1.24 0.7 1.55776e+11
1.24 0.72 2.08987e+11
1.24 0.74 2.16681e+11
1.24 0.76 1.618e+11
1.24 0.78 4.00257e+10
1.24 0.8 -1.30066e+11
1.24 0.82 -3.09551e+11
1.24 0.84 -4.2814e+11
1.24 0.86 -3.47352e+11
1.24 0.88 -3.24415e+11
1.24 0.9 -1.61995e+11
1.24 0.92 1.33733e+13
1.24 0.94 0
1.24 0.96 0
1.24 0.98 0
1.24 1 267.217
1.28 0 3.55723e+08
1.28 0.02 4.72162e+08
1.28 0.04 1.6373e+08
1.28 0.06 -5.99592e+08
1.28 0.08 -1.63208e+09
1.28 0.1 -2.56505e+09
1.28 0.12 -2.97898e+09
1.28 0.14 -2.51624e+09
1.28 0.16 -1.03847e+09
1.28 0.18 2.81306e+09
1.28 0.2 5.62128e+09
1.28 0.22 7.6266e+09
1.28 0.24 7.97591e+09
1.28 0.26 5.9696e+09
1.28 0.28 1.54057e+09
1.28 0.3 -4.80808e+09
1.28 0.32 -1.15849e+10
1.28 0.34 -1.67144e+10
1.28 0.36 -1.82671e+10
1.28 0.38 -1.47652e+10
1.28 0.4 -6.01185e+09
1.28 0.42 7.04984e+09
1.28 0.44 2.15654e+10
1.28 0.46 3.41108e+10
1.28 0.48 4.0102e+10
1.28 0.5 3.60398e+10
1.28 0.52 1.99546e+10
1.28 0.54 -7.34145e+09
1.28 0.56 -4.02376e+10
1.28 0.58 -7.02206e+10
1.28 0.6 -8.74233e+10
1.28 0.62 -8.30496e+10
1.28 0.64 -5.30108e+10
1.28 0.66 3.57819e+10
1.28 0.68 1.10478e+11
1.28 0.7 1.75802e+11
1.28 0.72 2.06349e+11
1.28 0.74 1.85646e+11
1.28 0.76 1.01236e+11
1.28 0.78 -3.74271e+10
1.28 0.8 -2.07727e+11
1.28 0.82 -3.58895e+11
1.28 0.84 -4.26206e+11
1.28 0.86 -2.16664e+11
1.28 0.88 -2.62317e+11
1.28 0.9 -0.000159545
1.28 0.92 2.59064e+13
1.28 0.94 0
1.28 0.96 0
1.28 0.98 0
1.28 1 263.002
1.32 0 3.03684e+08
1.32 0.02 2.96065e+08
1.32 0.04 -1.36618e+08
1.32 0.06 -9.61879e+08
1.32 0.08 -1.92052e+09
1.32 0.1 -2.60567e+09
1.32 0.12 -2.63712e+09
1.32 0.14 -1.75232e+09
1.32 0.16 1.29404e+09
1.32 0.18 3.98739e+09
1.32 0.2 6.34995e+09
1.32 0.22 7.51624e+09
1.32 0.24 6.80234e+09
1.32 0.26 3.76972e+09
1.32 0.28 -1.36869e+09
1.32 0.3 -7.70341e+09
1.32 0.32 -1.3537e+10
1.32 0.34 -1.69451e+10
1.32 0.36 -1.61588e+10
1.32 0.38 -1.02755e+10
1.32 0.4 2.0573e+08
1.32 0.42 1.35162e+10
1.32 0.44 2.65696e+10
1.32 0.46 3.58089e+10
1.32 0.48 3.70567e+10
1.32 0.5 2.76738e+10
1.32 0.52 6.9946e+09
1.32 0.54 -2.19192e+10
1.32 0.56 -5.29491e+10
1.32 0.58 -7.65164e+10
1.32 0.6 -8.30477e+10
1.32 0.62 -6.70523e+10
1.32 0.64 -2.65296e+10
1.32 0.66 6.9033e+10
1.32 0.68 1.37053e+11
1.32 0.7 1.83841e+11
1.32 0.72 1.90554e+11
1.32 0.74 1.41968e+11
1.32 0.76 3.58336e+10
1.32 0.78 -1.13512e+11
1.32 0.8 -2.70657e+11
1.32 0.82 -3.90081e+11
1.32 0.84 -3.73991e+11
1.32 0.86 -1.85743e+11
1.32 0.88 -8.42636e+10
1.32 0.9 1.61995e+11
1.32 0.92 3.68116e+13
1.32 0.94 0
1.32 0.96 0
1.32 0.98 0
1.32 1 242.263
1.36 0 2.32852e+08
1.36 0.02 1.04514e+08
1.36 0.04 -4.34767e+08
1.36 0.06 -1.26799e+09
1.36 0.08 -2.07915e+09
1.36 0.1 -2.48079e+09
1.36 0.12 -2.13398e+09
1.36 0.14 -8.74359e+08
1.36 0.16 2.44849e+09
1.36 0.18 4.89454e+09
1.36 0.2 6.6746e+09
1.36 0.22 6.93481e+09
1.36 0.24 5.19922e+09
1.36 0.26 1.36294e+09
1.36 0.28 -4.15598e+09
1.36 0.3 -1.01084e+10
1.36 0.32 -1.47379e+10
1.36 0.34 -1.6141e+10
1.36 0.36 -1.30798e+10
1.36 0.38 -5.21032e+09
1.36 0.4 6.35008e+09
1.36 0.42 1.9138e+10
1.36 0.44 3.00693e+10
1.36 0.46 3.51748e+10
1.36 0.48 3.16247e+10
1.36 0.5 1.75599e+10
1.36 0.52 -6.25401e+09
1.36 0.54 -3.53039e+10
1.36 0.56 -6.15075e+10
1.36 0.58 -7.72563e+10
1.36 0.6 -7.34823e+10
1.36 0.62 -4.60726e+10
1.36 0.64 3.21618e+10
1.36 0.66 9.77659e+10
1.36 0.68 1.53302e+11
1.36 0.7 1.80924e+11
1.36 0.72 1.61951e+11
1.36 0.74 8.97022e+10
1.36 0.76 -3.25836e+10
1.36 0.78 -1.81792e+11
1.36 0.8 -3.21313e+11
1.36 0.82 -3.9655e+11
1.36 0.84 -3.38874e+11
1.36 0.86 -1.78962e+10
1.36 0.88 9.17864e+10
1.36 0.9 3.13811e+11
1.36 0.92 4.54038e+13
1.36 0.94 0
1.36 0.96 0
1.36 0.98 0
1.36 1 206.301
1.4 0 1.47692e+08
1.4 0.02 -9.44823e+07
1.4 0.04 -7.05406e+08
1.4 0.06 -1.49044e+09
1.4 0.08 -2.12123e+09
1.4 0.1 -2.19259e+09
1.4 0.12 -1.49246e+09
1.4 0.14 1.1109e+09
1.4 0.16 3.46578e+09
1.4 0.18 5.53576e+09
1.4 0.2 6.56759e+09
1.4 0.22 5.91644e+09
1.4 0.24 3.3075e+09
1.4 0.26 -1.16681e+09
1.4 0.28 -6.73452e+09
1.4 0.3 -1.19158e+10
1.4 0.32 -1.49157e+10
1.4 0.34 -1.42994e+10
1.4 0.36 -9.16176e+09
1.4 0.38 1.96238e+08
1.4 0.4 1.20015e+10
1.4 0.42 2.35958e+10
1.4 0.44 3.14264e+10
1.4 0.46 3.24681e+10
1.4 0.48 2.4252e+10
1.4 0.5 6.28646e+09
1.4 0.52 -1.91212e+10
1.4 0.54 -4.62807e+10
1.4 0.56 -6.70989e+10
1.4 0.58 -7.33559e+10
1.4 0.6 -5.95701e+10
1.4 0.62 -2.37041e+10
1.4 0.64 6.15089e+10
1.4 0.66 1.20727e+11
1.4 0.68 1.61389e+11
1.4 0.7 1.6728e+11
1.4 0.72 1.24392e+11
1.4 0.74 3.39451e+10
1.4 0.76 -9.79653e+10
1.4 0.78 -2.39405e+11
1.4 0.8 -3.44622e+11
1.4 0.82 -3.77312e+11
1.4 0.84 -2.24592e+11
1.4 0.86 6.37757e+10
1.4 0.88 2.50823e+11
1.4 0.9 4.4591e+11
1.4 0.92 5.11432e+13
1.4 0.94 0
1.4 0.96 0
1.4 0.98 0
1.4 1 157.377
1.44 0 5.26617e+07
1.44 0.02 -2.79014e+08
1.44 0.04 -9.28749e+08
1.44 0.06 -1.61854e+09
1.44 0.08 -2.01318e+09
1.44 0.1 -1.78227e+09
1.44 0.12 -7.55762e+08
1.44 0.14 2.12228e+09
1.44 0.16 4.26195e+09
1.44 0.18 5.80094e+09
1.44 0.2 6.02481e+09
1.44 0.22 4.53094e+09
1.44 0.24 1.16496e+09
1.44 0.26 -3.6101e+09
1.44 0.28 -8.82803e+09
1.44 0.3 -1.29144e+10
1.44 0.32 -1.42795e+10
1.44 0.34 -1.15563e+10
1.44 0.36 -4.64414e+09
1.44 0.38 5.63714e+09
1.44 0.4 1.69631e+10
1.44 0.42 2.65021e+10
1.44 0.44 3.09829e+10
1.44 0.46 2.77131e+10
1.44 0.48 1.52214e+10
1.44 0.5 -5.7539e+09
1.44 0.52 -3.07476e+10
1.44 0.54 -5.45895e+10
1.44 0.56 -6.84139e+10
1.44 0.58 -6.52644e+10
1.44 0.6 -4.17498e+10
1.44 0.62 2.8751e+10
1.44 0.64 8.69956e+10
1.44 0.66 1.35867e+11
1.44 0.68 1.59925e+11
1.44 0.7 1.42753e+11
1.44 0.72 7.88859e+10
1.44 0.74 -2.87138e+10
1.44 0.76 -1.58496e+11
1.44 0.78 -2.82083e+11
1.44 0.8 -3.51224e+11
1.44 0.82 -3.34408e+11
1.44 0.84 -1.6522e+11
1.44 0.86 2.66581e+11
1.44 0.88 3.28419e+11
1.44 0.9 5.4999e+11
1.44 0.92 5.3669e+13
1.44 0.94 0
1.44 0.96 0
1.44 0.98 0
1.44 1 98.5635
1.48 0 -4.7324e+07
1.48 0.02 -4.61013e+08
1.48 0.04 -1.09152e+09
1.48 0.06 -1.64398e+09
1.48 0.08 -1.79881e+09
1.48 0.1 -1.25091e+09
1.48 0.12 9.54229e+08
1.48 0.14 2.99397e+09
1.48 0.16 4.78888e+09
1.48 0.18 5.69868e+09
1.48 0.2 5.11779e+09
1.48 0.22 2.84863e+09
1.48 0.24 -1.06409e+09
1.48 0.26 -5.89742e+09
1.48 0.28 -1.03964e+10
1.48 0.3 -1.30676e+10
1.48 0.32 -1.26225e+10
1.48 0.34 -8.1162e+09
1.48 0.36 1.94113e+08
1.48 0.38 1.06462e+10
1.48 0.4 2.08705e+10
1.48 0.42 2.77264e+10
1.48 0.44 2.85057e+10
1.48 0.46 2.12001e+10
1.48 0.48 5.55987e+09
1.48 0.5 -1.68273e+10
1.48 0.52 -4.0555e+10
1.48 0.54 -5.90067e+10
1.48 0.56 -6.50086e+10
1.48 0.58 -5.27028e+10
1.48 0.6 -2.12924e+10
1.48 0.62 5.46135e+10
1.48 0.64 1.07093e+11
1.48 0.66 1.42741e+11
1.48 0.68 1.47555e+11
1.48 0.7 1.09032e+11
1.48 0.72 2.78291e+10
1.48 0.74 -8.6119e+10
1.48 0.76 -2.09162e+11
1.48 0.78 -3.03425e+11
1.48 0.8 -3.36183e+11
1.48 0.82 -2.70609e+11
1.48 0.84 -1.86389e+10
1.48 0.86 3.04016e+11
1.48 0.88 4.26037e+11
1.48 0.9 6.19512e+11
1.48 0.92 5.28226e+13
1.48 0.94 0
1.48 0.96 0
1.48 0.98 0
1.48 1 33.5573
1.52 0 -1.39791e+08
1.52 0.02 -6.03906e+08
1.52 0.04 -1.18998e+09
1.52 0.06 -1.576e+09
1.52 0.08 -1.45046e+09
1.52 0.1 -6.41e+08
1.52 0.12 1.80359e+09
1.52 0.14 3.67145e+09
1.52 0.16 5.02235e+09
1.52 0.18 5.2476e+09
1.52 0.2 3.9314e+09
1.52 0.22 9.97381e+08
1.52 0.24 -3.17373e+09
1.52 0.26 -7.71009e+09
1.52 0.28 -1.13225e+10
1.52 0.3 -1.2544e+10
1.52 0.32 -1.02373e+10
1.52 0.34 -4.13601e+09
1.52 0.36 4.97749e+09
1.52 0.38 1.49451e+10
1.52 0.4 2.34591e+10
1.52 0.42 2.73005e+10
1.52 0.44 2.43563e+10
1.52 0.46 1.33365e+10
1.52 0.48 -4.85881e+09
1.52 0.5 -2.6908e+10
1.52 0.52 -4.77417e+10
1.52 0.54 -6.00709e+10
1.52 0.56 -5.77639e+10
1.52 0.58 -3.68709e+10
1.52 0.6 2.56038e+10
1.52 0.62 7.73908e+10
1.52 0.64 1.19966e+11
1.52 0.66 1.40346e+11
1.52 0.68 1.25657e+11
1.52 0.7 6.84375e+10
1.52 0.72 -2.45569e+10
1.52 0.74 -1.39123e+11
1.52 0.76 -2.45251e+11
1.52 0.78 -3.09822e+11
1.52 0.8 -2.97228e+11
1.52 0.82 -1.89339e+11
1.52 0.84 8.05828e+10
1.52 0.86 3.91332e+11
1.52 0.88 5.01889e+11
1.52 0.9 6.50108e+11
1.52 0.92 4.86572e+13
1.52 0.94 0
1.52 0.96 0
1.52 0.98 0
1.52 1 -33.5573
1.56 0 -2.25974e+08
1.56 0.02 -7.13249e+08
1.56 0.04 -1.21049e+09
1.56 0.06 -1.40312e+09
1.56 0.08 -1.02083e+09
1.56 0.1 8.00038e+08
1.56 0.12 2.55474e+09
1.56 0.14 4.13875e+09
1.56 0.16 4.92666e+09
1.56 0.18 4.45118e+09
1.56 0.2 2.45997e+09
1.56 0.22 -9.2379e+08
1.56 0.24 -5.08585e+09
1.56 0.26 -9.05294e+09
1.56 0.28 -1.15259e+10
1.56 0.3 -1.11301e+10
1.56 0.32 -7.18268e+09
1.56 0.34 1.22405e+08
1.56 0.36 9.38084e+09
1.56 0.38 1.84758e+10
1.56 0.4 2.45555e+10
1.56 0.42 2.51331e+10
1.56 0.44 1.85094e+10
1.56 0.46 4.72257e+09
1.56 0.48 -1.45728e+10
1.56 0.5 -3.5498e+10
1.56 0.52 -5.20553e+10
1.56 0.54 -5.73639e+10
1.56 0.56 -4.68795e+10
1.56 0.58 -1.87635e+10
1.56 0.6 4.87138e+10
1.56 0.62 9.47851e+10
1.56 0.64 1.26469e+11
1.56 0.66 1.29947e+11
1.56 0.68 9.58084e+10
1.56 0.7 2.40098e+10
1.56 0.72 -7.44835e+10
1.56 0.74 -1.827e+11
1.56 0.76 -2.67065e+11
1.56 0.78 -2.95288e+11
1.56 0.8 -2.41109e+11
1.56 0.82 -9.83402e+10
1.56 0.84 1.8224e+11
1.56 0.86 4.58476e+11
1.56 0.88 5.46354e+11
1.56 0.9 6.39856e+11
1.56 0.92 4.14344e+13
1.56 0.94 0
1.56 0.96 0
1.56 0.98 0
1.56 1 -98.5635
1.6 0 -2.98263e+08
1.6 0.02 -7.77768e+08
1.6 0.04 -1.15875e+09
1.6 0.06 -1.13251e+09
1.6 0.08 -5.32523e+08
1.6 0.1 1.52836e+09
1.6 0.12 3.1528e+09
1.6 0.14 4.33474e+09
1.6 0.16 4.53842e+09
1.6 0.18 3.41202e+09
1.6 0.2 8.42578e+08
1.6 0.22 -2.78888e+09
1.6 0.24 -6.73577e+09
1.6 0.26 -9.86779e+09
1.6 0.28 -1.10242e+10
1.6 0.3 -9.07631e+09
1.6 0.32 -3.71192e+09
1.6 0.34 4.26361e+09
1.6 0.36 1.33371e+10
1.6 0.38 2.07587e+10
1.6 0.4 2.41989e+10
1.6 0.42 2.14046e+10
1.6 0.44 1.15841e+10
1.6 0.46 -4.26803e+09
1.6 0.48 -2.38132e+10
1.6 0.5 -4.18866e+10
1.6 0.52 -5.29524e+10
1.6 0.54 -5.12669e+10
1.6 0.56 -3.29399e+10
1.6 0.58 2.2724e+10
1.6 0.6 6.83739e+10
1.6 0.62 1.06571e+11
1.6 0.64 1.24141e+11
1.6 0.66 1.09851e+11
1.6 0.68 5.99514e+10
1.6 0.7 -2.14563e+10
1.6 0.72 -1.2235e+11
1.6 0.74 -2.1559e+11
1.6 0.76 -2.7138e+11
1.6 0.78 -2.63417e+11
1.6 0.8 -1.69823e+11
1.6 0.82 -1.65363e+08
1.6 0.84 2.87036e+11
1.6 0.86 4.59766e+11
1.6 0.88 5.67011e+11
1.6 0.9 5.89399e+11
1.6 0.92 3.16082e+13
1.6 0.94 0
1.6 0.96 0
1.6 0.98 0
1.6 1 -157.377
1.64 0 -3.52184e+08
1.64 0.02 -7.92714e+08
1.64 0.04 -1.03214e+09
1.64 0.06 -8.01955e+08
1.64 0.08 6.52424e+08
1.64 0.1 2.15494e+09
1.64 0.12 3.52819e+09
1.64 0.14 4.25642e+09
1.64 0.16 3.84923e+09
1.64 0.18 2.11311e+09
1.64 0.2 -8.28727e+08
1.64 0.22 -4.45144e+09
1.64 0.24 -7.93344e+09
1.64 0.26 -1.00628e+10
1.64 0.28 -9.73127e+09
1.64 0.3 -6.32379e+09
1.64 0.32 2.5011e+07
1.64 0.34 8.21563e+09
1.64 0.36 1.62867e+10
1.64 0.38 2.17261e+10
1.64 0.4 2.21222e+10
1.64 0.42 1.62896e+10
1.64 0.44 3.96075e+09
1.64 0.46 -1.32082e+10
1.64 0.48 -3.11345e+10
1.64 0.5 -4.56121e+10
1.64 0.52 -5.06526e+10
1.64 0.54 -4.1042e+10
1.64 0.56 -1.68861e+10
1.64 0.58 4.25154e+10
1.64 0.6 8.43567e+10
1.64 0.62 1.11653e+11
1.64 0.64 1.14182e+11
1.64 0.66 8.39935e+10
1.64 0.68 2.06677e+10
1.64 0.7 -6.63195e+10
1.64 0.72 -1.6029e+11
1.64 0.74 -2.34737e+11
1.64 0.76 -2.61716e+11
1.64 0.78 -2.13579e+11
1.64 0.8 -8.79877e+10
1.64 0.82 1.02385e+11
1.64 0.84 3.59158e+11
1.64 0.86 4.85683e+11
1.64 0.88 5.03183e+11
1.64 0.9 5.01908e+11
1.64 0.92 1.97959e+13
1.64 0.94 0
1.64 0.96 0
1.64 0.98 0
1.64 1 -206.301
1.68 0 -3.80699e+08
1.68 0.02 -7.58069e+08
1.68 0.04 -8.31986e+08
1.68 0.06 -4.1829e+08
1.68 0.08 1.2555e+09
1.68 0.1 2.6493e+09
1.68 0.12 3.71571e+09
1.68 0.14 3.9152e+09
1.68 0.16 2.95172e+09
1.68 0.18 7.06031e+08
1.68 0.2 -2.43933e+09
1.68 0.22 -5.85511e+09
1.68 0.24 -8.60939e+09
1.68 0.26 -9.60127e+09
1.68 0.28 -7.97455e+09
1.68 0.3 -3.32744e+09
1.68 0.32 3.70914e+09
1.68 0.34 1.16902e+10
1.68 0.36 1.84231e+10
1.68 0.38 2.13287e+10
1.68 0.4 1.88267e+10
1.68 0.42 1.01568e+10
1.68 0.44 -3.93334e+09
1.68 0.46 -2.10661e+10
1.68 0.48 -3.6778e+10
1.68 0.5 -4.64799e+10
1.68 0.52 -4.50553e+10
1.68 0.54 -2.91944e+10
1.68 0.56 1.94545e+10
1.68 0.58 6.04516e+10
1.68 0.6 9.42899e+10
1.68 0.62 1.09702e+11
1.68 0.64 9.71789e+10
1.68 0.66 5.29435e+10
1.68 0.68 -1.99479e+10
1.68 0.7 -1.07632e+11
1.68 0.72 -1.89086e+11
1.68 0.74 -2.38606e+11
1.68 0.76 -2.31798e+11
1.68 0.78 -1.50079e+11
1.68 0.8 -5.16319e+08
1.68 0.82 1.93698e+11
1.68 0.84 3.93552e+11
1.68 0.86 4.76798e+11
1.68 0.88 4.71205e+11
1.68 0.9 3.8288e+11
1.68 0.92 6.73981e+12
1.68 0.94 0
1.68 0.96 0
1.68 0.98 0
1.68 1 -242.263
1.72 0 -3.8761e+08
1.72 0.02 -6.76706e+08
1.72 0.04 -5.92374e+08
1.72 0.06 5.20307e+08
1.72 0.08 1.78329e+09
1.72 0.1 2.99702e+09
1.72 0.12 3.64046e+09
1.72 0.14 3.32442e+09
1.72 0.16 1.80569e+09
1.72 0.18 -7.4615e+08
1.72 0.2 -3.91132e+09
1.72 0.22 -6.90523e+09
1.72 0.24 -8.76607e+09
1.72 0.26 -8.55513e+09
1.72 0.28 -5.62903e+09
1.72 0.3 -3.08967e+07
1.72 0.32 7.21283e+09
1.72 0.34 1.43757e+10
1.72 0.36 1.91801e+10
1.72 0.38 1.95898e+10
1.72 0.4 1.43564e+10
1.72 0.42 3.26663e+09
1.72 0.44 -1.16443e+10
1.72 0.46 -2.76859e+10
1.72 0.48 -4.01301e+10
1.72 0.5 -4.44945e+10
1.72 0.52 -3.67777e+10
1.72 0.54 -1.51757e+10
1.72 0.56 3.75817e+10
1.72 0.58 7.39253e+10
1.72 0.6 9.88278e+10
1.72 0.62 1.01215e+11
1.72 0.64 7.32254e+10
1.72 0.66 1.76168e+10
1.72 0.68 -5.93701e+10
1.72 0.7 -1.40765e+11
1.72 0.72 -2.05743e+11
1.72 0.74 -2.28707e+11
1.72 0.76 -1.87389e+11
1.72 0.78 -7.85865e+10
1.72 0.8 8.89086e+10
1.72 0.82 2.71974e+11
1.72 0.84 4.26708e+11
1.72 0.86 3.34917e+11
1.72 0.88 3.69469e+11
1.72 0.9 2.39794e+11
1.72 0.92 -6.73981e+12
1.72 0.94 0
1.72 0.96 0
1.72 0.98 0
1.72 1 -263.002
1.76 0 -3.73008e+08
1.76 0.02 -5.48359e+08
1.76 0.04 -3.17854e+08
1.76 0.06 1.01423e+09
1.76 0.08 2.20324e+09
1.76 0.1 3.13619e+09
1.76 0.12 3.34809e+09
1.76 0.14 2.53206e+09
1.76 0.16 6.33658e+08
1.76 0.18 -2.15154e+09
1.76 0.2 -5.14825e+09
1.76 0.22 -7.51326e+09
1.76 0.24 -8.37192e+09
1.76 0.26 -6.92146e+09
1.76 0.28 -2.8773e+09
1.76 0.3 3.22949e+09
1.76 0.32 1.03031e+10
1.76 0.34 1.61984e+10
1.76 0.36 1.88818e+10
1.76 0.38 1.65492e+10
1.76 0.4 8.92034e+09
1.76 0.42 -3.61614e+09
1.76 0.44 -1.84714e+10
1.76 0.46 -3.25245e+10
1.76 0.48 -4.07643e+10
1.76 0.5 -3.96651e+10
1.76 0.52 -2.60954e+10
1.76 0.54 1.69321e+10
1.76 0.56 5.32434e+10
1.76 0.58 8.36812e+10
1.76 0.6 9.70897e+10
1.76 0.62 8.53823e+10
1.76 0.64 4.59688e+10
1.76 0.66 -1.8148e+10
1.76 0.68 -9.45869e+10
1.76 0.7 -1.66337e+11
1.76 0.72 -2.09571e+11
1.76 0.74 -2.03626e+11
1.76 0.76 -1.32505e+11
1.76 0.78 -1.52953e+09
1.76 0.8 1.69205e+11
1.76 0.82 3.35962e+11
1.76 0.84 4.27078e+11
1.76 0.86 2.75112e+11
1.76 0.88 2.45879e+11
1.76 0.9 8.16413e+10
1.76 0.92 -1.97959e+13
1.76 0.94 0
1.76 0.96 0
1.76 0.98 0
1.76 1 -267.217
1.8 0 -3.33042e+08
1.8 0.02 -3.93732e+08
1.8 0.04 3.97094e+08
1.8 0.06 1.4398e+09
1.8 0.08 2.47163e+09
1.8 0.1 3.0802e+09
1.8 0.12 2.84395e+09
1.8 0.14 1.55437e+09
1.8 0.16 -6.49894e+08
1.8 0.18 -3.42742e+09
1.8 0.2 -6.03427e+09
1.8 0.22 -7.64233e+09
1.8 0.24 -7.45316e+09
1.8 0.26 -4.92355e+09
1.8 0.28 -7.8544e+07
1.8 0.3 6.30689e+09
1.8 0.32 1.25985e+10
1.8 0.34 1.69628e+10
1.8 0.36 1.73488e+10
1.8 0.38 1.26272e+10
1.8 0.4 2.89922e+09
1.8 0.42 -1.03649e+10
1.8 0.44 -2.41766e+10
1.8 0.46 -3.51947e+10
1.8 0.48 -3.89371e+10
1.8 0.5 -3.22878e+10
1.8 0.52 -1.346e+10
1.8 0.54 3.29698e+10
1.8 0.56 6.55188e+10
1.8 0.58 8.74746e+10
1.8 0.6 8.94684e+10
1.8 0.62 6.52073e+10
1.8 0.64 1.51705e+10
1.8 0.66 -5.29038e+10
1.8 0.68 -1.24104e+11
1.8 0.7 -1.81106e+11
1.8 0.72 -2.00323e+11
1.8 0.74 -1.65268e+11
1.8 0.76 -6.94506e+10
1.8 0.78 7.58729e+10
1.8 0.8 2.41055e+11
1.8 0.82 3.80568e+11
1.8 0.84 3.78431e+11
1.8 0.86 2.21779e+11
1.8 0.88 1.52875e+11
1.8 0.9 -8.16413e+10
1.8 0.92 -3.16082e+13
1.8 0.94 0
1.8 0.96 0
1.8 0.98 0
1.8 1 -254.641
1.84 0 -2.71506e+08
1.84 0.02 -2.04738e+08
1.84 0.04 7.87369e+08
1.84 0.06 1.78035e+09
1.84 0.08 2.60422e+09
1.84 0.1 2.8335e+09
1.84 0.12 2.15462e+09
1.84 0.14 5.1313e+08
1.84 0.16 -1.88636e+09
1.84 0.18 -4.48287e+09
1.84 0.2 -6.55598e+09
1.84 0.22 -7.27575e+09
1.84 0.24 -6.05708e+09
1.84 0.26 -2.527e+09
1.84 0.28 2.80419e+09
1.84 0.3 8.94989e+09
1.84 0.32 1.42911e+10
1.84 0.34 1.66244e+10
1.84 0.36 1.47478e+10
1.84 0.38 7.88678e+09
1.84 0.4 -3.20087e+09
1.84 0.42 -1.64636e+10
1.84 0.44 -2.84383e+10
1.84 0.46 -3.57723e+10
1.84 0.48 -3.47363e+10
1.84 0.5 -2.29395e+10
1.84 0.52 1.46534e+10
1.84 0.54 4.70255e+10
1.84 0.56 7.33905e+10
1.84 0.58 8.62706e+10
1.84 0.6 7.56347e+10
1.84 0.62 4.01393e+10
1.84 0.64 -1.65384e+10
1.84 0.66 -8.42213e+10
1.84 0.68 -1.47049e+11
1.84 0.7 -1.84239e+11
1.84 0.72 -1.78342e+11
1.84 0.74 -1.16834e+11
1.84 0.76 -1.82524e+09
1.84 0.78 1.47595e+11
1.84 0.8 2.97213e+11
1.84 0.82 3.97161e+11
1.84 0.84 3.3929e+11
1.84 0.86 1.21104e+11
1.84 0.88 -1.63668e+10
1.84 0.9 -2.39794e+11
1.84 0.92 -4.14344e+13
1.84 0.94 0
1.84 0.96 0
1.84 0.98 0
1.84 1 -226.064
1.88 0 -1.93492e+08
1.88 0.02 2.93722e+08
1.88 0.04 1.12151e+09
1.88 0.06 2.00554e+09
1.88 0.08 2.55913e+09
1.88 0.1 2.41267e+09
1.88 0.12 1.33248e+09
1.88 0.14 -5.79994e+08
1.88 0.16 -2.99353e+09
1.88 0.18 -5.25124e+09
1.88 0.2 -6.67908e+09
1.88 0.22 -6.48556e+09
1.88 0.24 -4.31822e+09
1.88 0.26 -1.04899e+08
1.88 0.28 5.47747e+09
1.88 0.3 1.10753e+10
1.88 0.32 1.489e+10
1.88 0.34 1.53509e+10
1.88 0.36 1.11705e+10
1.88 0.38 2.61815e+09
1.88 0.4 -9.22018e+09
1.88 0.42 -2.14636e+10
1.88 0.44 -3.10563e+10
1.88 0.46 -3.4176e+10
1.88 0.48 -2.8174e+10
1.88 0.5 -1.19187e+10
1.88 0.52 2.86777e+10
1.88 0.54 5.74453e+10
1.88 0.56 7.70498e+10
1.88 0.58 7.89804e+10
1.88 0.6 5.78408e+10
1.88 0.62 1.33306e+10
1.88 0.64 -4.74618e+10
1.88 0.66 -1.10288e+11
1.88 0.68 -1.59278e+11
1.88 0.7 -1.7572e+11
1.88 0.72 -1.46135e+11
1.88 0.74 -6.19908e+10
1.88 0.76 6.61357e+10
1.88 0.78 2.1143e+11
1.88 0.8 3.34622e+11
1.88 0.82 3.89989e+11
1.88 0.84 2.97123e+11
1.88 0.86 -7.60694e+10
1.88 0.88 -1.81305e+11
1.88 0.9 -3.8288e+11
1.88 0.92 -4.86572e+13
1.88 0.94 0
1.88 0.96 0
1.88 0.98 0
1.88 1 -183.284
1.92 0 -1.00972e+08
1.92 0.02 5.70732e+08
1.92 0.04 1.38633e+09
1.92 0.06 2.11011e+09
1.92 0.08 2.36333e+09
1.92 0.1 1.83285e+09
1.92 0.12 4.36634e+08
1.92 0.14 -1.62359e+09
1.92 0.16 -3.89309e+09
1.92 0.18 -5.69733e+09
1.92 0.2 -6.34399e+09
1.92 0.22 -5.26754e+09
1.92 0.24 -2.22738e+09
1.92 0.26 2.40475e+09
1.92 0.28 7.83365e+09
1.92 0.3 1.25151e+10
1.92 0.32 1.46907e+10
1.92 0.34 1.30406e+10
1.92 0.36 6.92268e+09
1.92 0.38 -2.93609e+09
1.92 0.4 -1.46107e+10
1.92 0.42 -2.52334e+10
1.92 0.44 -3.14897e+10
1.92 0.46 -3.03956e+10
1.92 0.48 -1.98814e+10
1.92 0.5 1.26808e+10
1.92 0.52 4.10259e+10
1.92 0.54 6.49587e+10
1.92 0.56 7.61322e+10
1.92 0.58 6.71572e+10
1.92 0.6 3.58732e+10
1.92 0.62 -1.45913e+10
1.92 0.64 -7.47785e+10
1.92 0.66 -1.29525e+11
1.92 0.68 -1.61163e+11
1.92 0.7 -1.56706e+11
1.92 0.72 -1.02334e+11
1.92 0.74 -2.38015e+09
1.92 0.76 1.29809e+11
1.92 0.78 2.60344e+11
1.92 0.8 3.50993e+11
1.92 0.82 3.58769e+11
1.92 0.84 1.89198e+11
1.92 0.86 -2.35831e+11
1.92 0.88 -3.12216e+11
1.92 0.9 -5.01908e+11
1.92 0.92 -5.28226e+13
1.92 0.94 0
1.92 0.96 0
1.92 0.98 0
1.92 1 -128.987
1.96 0 1.82367e+08
1.96 0.02 8.22492e+08
1.96 0.04 1.56575e+09
1.96 0.06 2.07358e+09
1.96 0.08 1.99964e+09
1.96 0.1 1.13839e+09
1.96 0.12 -4.88779e+08
1.96 0.14 -2.5709e+09
1.96 0.16 -4.56248e+09
1.96 0.18 -5.79702e+09
1.96 0.2 -5.62159e+09
1.96 0.22 -3.728e+09
1.96 0.24 -7.05429e+07
1.96 0.26 4.76085e+09
1.96 0.28 9.69519e+09
1.96 0.3 1.30817e+10
1.96 0.32 1.35416e+10
1.96 0.34 9.92663e+09
1.96 0.36 2.21722e+09
1.96 0.38 -8.26442e+09
1.96 0.4 -1.90629e+10
1.96 0.42 -2.7369e+10
1.96 0.44 -2.98921e+10
1.96 0.46 -2.46595e+10
1.96 0.48 -1.06035e+10
1.96 0.5 2.50204e+10
1.96 0.52 5.0755e+10
1.96 0.54 6.80617e+10
1.96 0.56 6.99661e+10
1.96 0.58 5.1048e+10
1.96 0.6 1.15112e+10
1.96 0.62 -4.19068e+10
1.96 0.64 -9.77805e+10
1.96 0.66 -1.40479e+11
1.96 0.68 -1.54775e+11
1.96 0.7 -1.27343e+11
1.96 0.72 -5.52542e+10
1.96 0.74 5.81172e+10
1.96 0.76 1.85364e+11
1.96 0.78 2.94065e+11
1.96 0.8 3.45067e+11
1.96 0.82 3.04453e+11
1.96 0.84 1.02726e+11
1.96 0.86 -2.46923e+11
1.96 0.88 -3.62057e+11
1.96 0.9 -5.89399e+11
1.96 0.92 -5.3669e+13
1.96 0.94 0
1.96 0.96 0
1.96 0.98 0
1.96 1 -66.5854
2 0 3.7523e+08
2 0.02 1.01513e+09
2 0.04 1.64136e+09
2 0.06 1.92687e+09
2 0.08 1.52542e+09
2 0.1 3.79267e+08
2 0.12 -1.39373e+09
2 0.14 -3.3713e+09
2 0.16 -4.94481e+09
2 0.18 -5.49967e+09
2 0.2 -4.57114e+09
2 0.22 -1.94544e+09
2 0.24 2.07972e+09
2 0.26 6.86098e+09
2 0.28 1.09519e+10
2 0.3 1.2961e+10
2 0.32 1.15256e+10
2 0.34 6.15869e+09
2 0.36 -2.49252e+09
2 0.38 -1.29117e+10
2 0.4 -2.23459e+10
2 0.42 -2.78466e+10
2 0.44 -2.66705e+10
2 0.46 -1.74748e+10
2 0.48 1.08422e+10
2 0.5 3.59594e+10
2 0.52 5.70331e+10
2 0.54 6.73301e+10
2 0.56 5.94696e+10
2 0.58 3.19194e+10
2 0.6 -1.31554e+10
2 0.62 -6.64173e+10
2 0.64 -1.14508e+11
2 0.66 -1.42351e+11
2 0.68 -1.36947e+11
2 0.7 -9.04394e+10
2 0.72 -2.02275e+09
2 0.74 1.14901e+11
2 0.76 2.28898e+11
2 0.78 3.1004e+11
2 0.8 3.18467e+11
2 0.82 2.32569e+11
2 0.84 -2.70925e+10
2 0.86 -3.33888e+11
2 0.88 -4.59883e+11
2 0.9 -6.39856e+11
2 0.92 -5.11432e+13
2 0.94 0
2 0.96 0
2 0.98 0
2 1 -1.31157e-13
